1 16 6 11
1 15 6 10
1 13 5 9
1 16 7 10
1 14 6 9
1 12 5 8
1 10 4 7
1 15 7 9
1 13 6 8
1 11 5 7
1 9 4 6
1 7 3 5
1 12 6 7
1 10 5 6
1 8 4 5
1 6 3 4
1 4 2 3
2 16 7 11
2 14 6 10
2 15 7 10
2 13 6 9
2 11 5 8
2 16 8 10
2 14 7 9
2 12 6 8
2 10 5 7
2 8 4 6
2 13 7 8
2 11 6 7
2 9 5 6
2 7 4 5
2 5 3 4
3 15 7 11
3 16 8 11
3 14 7 10
3 12 6 9
3 15 8 10
3 13 7 9
3 11 6 8
3 9 5 7
3 14 8 9
3 12 7 8
3 10 6 7
3 8 5 6
3 6 4 5
4 16 8 12
4 15 8 11
4 13 7 10
4 16 9 11
4 14 8 10
4 12 7 9
4 10 6 8
4 15 9 10
4 13 8 9
4 11 7 8
4 9 6 7
4 7 5 6
5 16 9 12
5 14 8 11
5 15 9 11
5 13 8 10
5 11 7 9
5 16 10 11
5 14 9 10
5 12 8 9
5 10 7 8
5 8 6 7
6 15 9 12
6 16 10 12
6 14 9 11
6 12 8 10
6 15 10 11
6 13 9 10
6 11 8 9
6 9 7 8
7 16 10 13
7 15 10 12
7 13 9 11
7 16 11 12
7 14 10 11
7 12 9 10
7 10 8 9
8 16 11 13
8 14 10 12
8 15 11 12
8 13 10 11
8 11 9 10
9 15 11 13
9 16 12 13
9 14 11 12
9 12 10 11
10 16 12 14
10 15 12 13
10 13 11 12
11 16 13 14
11 14 12 13
12 15 13 14
13 16 14 15


